0.0 0.118915689664
0.002 0.118899474973
0.004 0.118851136349
0.006 0.118770986445
0.008 0.118659579429
0.01 0.118517555859
0.012 0.118345564229
0.014 0.118144202919
0.016 0.117913986245
0.018 0.117655347647
0.02 0.117368671097
0.022 0.117054343723
0.024 0.11671280901
0.026 0.116344613105
0.028 0.115950425507
0.03 0.115531034318
0.032 0.115087322487
0.034 0.114620223173
0.036 0.11413067618
0.038 0.11361958922
0.04 0.113087815951
0.042 0.112536151301
0.044 0.111965338755
0.046 0.111376094629
0.048 0.110769126567
0.05 0.110145150093
0.052 0.109504901582
0.054 0.108849137599
0.056 0.108178628612
0.058 0.107494150831
0.06 0.106796474489
0.062 0.106086360501
0.064 0.105364550751
0.066 0.10463176628
0.068 0.103888698704
0.07 0.103136007711
0.072 0.102374314458
0.074 0.101604201204
0.076 0.100826213698
0.078 0.100040868256
0.08 0.0992486669912
0.082 0.0984501182038
0.084 0.0976457562948
0.086 0.0968361491275
0.088 0.096021903115
0.09 0.0952036478968
0.092 0.0943820131601
0.094 0.0935575944621
0.096 0.0927309230157
0.098 0.0919024425639
0.1 0.0910725023073
0.102 0.0902413709805
0.104 0.0894092631958
0.106 0.0885763828237
0.108 0.0877429608008
0.11 0.0869092870875
0.112 0.0860757252967
0.114 0.0852427060852
0.116 0.0844106979341
0.118 0.0835801733782
0.12 0.0827515658207
0.122 0.0819252372361
0.124 0.081101459929
0.126 0.0802804247418
0.128 0.0794622576428
0.13 0.0786470545221
0.132 0.0778349162399
0.134 0.0770259769404
0.136 0.0762204203638
0.138 0.0754184780348
0.14 0.0746204162557
0.142 0.0738265114931
0.144 0.0730370265878
0.146 0.0722521887199
0.148 0.0714721839122
0.15 0.0706971566569
0.152 0.0699272248282
0.154 0.0691624933343
0.156 0.0684030746354
0.158 0.0676490968836
0.16 0.0669007081269
0.162 0.0661580736859
0.164 0.0654213626685
0.166 0.0646907357892
0.168 0.0639663385801
0.17 0.0632482911157
0.172 0.062536690566
0.174 0.0618316150452
0.176 0.0611331295774
0.178 0.0604412984388
0.18 0.0597561860732
0.182 0.0590778625129
0.184 0.0584064029359
0.186 0.0577418857143
0.188 0.057084390318
0.19 0.0564339931253
0.192 0.0557907686861
0.194 0.0551547865486
0.196 0.0545261119829
0.198 0.053904801803
0.2 0.0532909014392
0.202 0.0526844395475
0.204 0.0520854238659
0.206 0.0514938398425
0.208 0.050909651929
0.21 0.0503328121254
0.212 0.0497632700554
0.214 0.0492009838131
0.216 0.0486459309523
0.218 0.0480981125451
0.22 0.0475575525576
0.222 0.0470242873778
0.224 0.0464983533239
0.226 0.045979769406
0.228 0.045468522834
0.23 0.0449645625838
0.232 0.0444678020793
0.234 0.043978127104
0.236 0.04349541607
0.238 0.0430195564589
0.24 0.0425504619446
0.242 0.0420880834189
0.244 0.041632404692
0.246 0.0411834353958
0.248 0.0407411897445
0.25 0.04030567011
0.252 0.0398768505566
0.254 0.0394546656839
0.256 0.0390390162339
0.258 0.0386297803083
0.26 0.0382268326709
0.262 0.0378300649675
0.264 0.0374394027059
0.266 0.0370548113901
0.268 0.0366762944341
0.27 0.0363038799318
0.272 0.0359375992272
0.274 0.0355774655964
0.276 0.0352234574614
0.278 0.0348755092561
0.28 0.0345335161223
0.282 0.0341973434758
0.284 0.0338668502043
0.286 0.0335419076878
0.288 0.0332224208161
0.29 0.0329083363051
0.292 0.0325996418747
0.294 0.0322963600353
0.296 0.0319985252107
0.298 0.0317061662851
0.3 0.0314192880724
0.302 0.0311378577585
0.304 0.0308618013131
0.306 0.0305910097699
0.308 0.0303253506767
0.31 0.0300646841172
0.312 0.029808877873
0.314 0.029557818464
0.316 0.029311418632
0.318 0.0290696191969
0.32 0.0288323819126
0.322 0.0285996824591
0.324 0.0283715005222
0.326 0.0281478132879
0.328 0.0279285892162
0.33 0.0277137850167
0.332 0.0275033450652
0.334 0.0272972010097
0.336 0.027095276352
0.338 0.0268974867057
0.34 0.0267037413387
0.342 0.0265139481051
0.344 0.0263280169904
0.346 0.0261458640087
0.348 0.0259674153798
0.35 0.0257926108816
0.352 0.025621405718
0.354 0.025453765737
0.356 0.0252896661788
0.358 0.0251290800691
0.36 0.0249719720299
0.362 0.024818292445
0.364 0.0246679712903
0.366 0.0245209221157
0.368 0.0243770468828
0.37 0.0242362487274
0.372 0.0240984404854
0.374 0.0239635553808
0.376 0.0238315513275
0.378 0.0237024068875
0.38 0.0235761139368
0.382 0.0234526636996
0.384 0.0233320309199
0.386 0.0232141637015
0.388 0.0230989789963
0.39 0.0229863652259
0.392 0.0228761952061
0.394 0.0227683432527
0.396 0.0226627026394
0.398 0.0225592000861
0.4 0.0224578034728
0.402 0.0223585187856
0.404 0.0222613760485
0.406 0.0221664133096
0.408 0.022073656043
0.41 0.0219830995767
0.412 0.0218947020204
0.414 0.0218083839201
0.416 0.0217240411954
0.418 0.0216415607844
0.42 0.0215608406666
0.422 0.0214818023901
0.424 0.0214044032549
0.426 0.0213286325329
0.428 0.0212545035661
0.43 0.0211820399566
0.432 0.0211112592705
0.434 0.0210421620377
0.436 0.0209747250444
0.438 0.0209089017204
0.44 0.0208446289076
0.442 0.0207818396917
0.444 0.0207204727265
0.446 0.0206604786879
0.448 0.0206018237437
0.45 0.0205444862197
0.452 0.0204884508179
0.454 0.0204336990062
0.456 0.0203802053147
0.458 0.0203279305994
0.46 0.0202768235382
0.462 0.0202268273492
0.464 0.0201778839364
0.466 0.0201299395496
0.468 0.0200829501567
0.47 0.0200368822458
0.472 0.0199917068387
0.474 0.0199474020893
0.476 0.0199039447216
0.478 0.0198613111274
0.48 0.0198194750588
0.482 0.0197784093818
0.484 0.0197380901264
0.486 0.0196984975204
0.488 0.019659616738
0.49 0.0196214353371
0.492 0.0195839384656
0.494 0.0195471044916
0.496 0.0195109036167
0.498 0.019475295811
0.5 0.0194402367504
0.502 0.0194056841426
0.504 0.0193716058759
0.506 0.0193379874799
0.508 0.0193048359708
0.51 0.0192721753625
0.512 0.0192400427832
0.514 0.0192084729528
0.516 0.0191774907915
0.518 0.0191470994632
0.52 0.0191172776618
0.522 0.0190879828952
0.524 0.0190591603194
0.526 0.0190307571181
0.528 0.0190027359273
0.53 0.0189750822789
0.532 0.0189478098309
0.534 0.0189209539475
0.536 0.0188945626166
0.538 0.0188686809904
0.54 0.018843338727
0.542 0.0188185410205
0.544 0.0187942687611
0.546 0.0187704812564
0.548 0.0187471308487
0.55 0.0187241738799
0.552 0.0187015844398
0.554 0.0186793600404
0.556 0.0186575204458
0.558 0.0186361037781
0.56 0.0186151508511
0.562 0.0185946998111
0.564 0.018574772394
0.566 0.0185553729159
0.568 0.0185364875728
0.57 0.0185180927168
0.572 0.018500161816
0.574 0.0184826757043
0.576 0.018465624174
0.578 0.0184490104889
0.58 0.018432846307
0.582 0.0184171488704
0.584 0.0184019331729
0.586 0.0183872108948
0.588 0.0183729876818
0.59 0.0183592684981
0.592 0.0183460576196
0.594 0.0183333666443
0.596 0.0183212120423
0.598 0.0183096150736
0.6 0.0182985968344
0.602 0.0182881721987
0.604 0.0182783427003
0.606 0.0182690963875
0.608 0.0182604082741
0.61 0.018252246042
0.612 0.0182445795132
0.614 0.0182373931676
0.616 0.0182306885472
0.618 0.018224489794
0.62 0.0182188344841
0.622 0.0182137686816
0.624 0.0182093295286
0.626 0.0182055362591
0.628 0.0182023808011
0.63 0.0181998301147
0.632 0.0181978284797
0.634 0.0181963144341
0.636 0.0181952306797
0.638 0.0181945407003
0.64 0.0181942333739
0.642 0.0181943257425
0.644 0.0181948508823
0.646 0.0181958523372
0.648 0.0181973649934
0.65 0.0181994046889
0.652 0.0182019635378
0.654 0.0182050087461
0.656 0.0182084892837
0.658 0.0182123483666
0.66 0.0182165351586
0.662 0.0182210122339
0.664 0.0182257610443
0.666 0.0182307821758
0.668 0.0182360862366
0.67 0.0182416903949
0.672 0.0182476070947
0.674 0.0182538403721
0.676 0.0182603860851
0.678 0.0182672286
0.68 0.0182743498388
0.682 0.0182817311292
0.684 0.0182893575317
0.686 0.0182972161898
0.688 0.0183052951936
0.69 0.018313579985
0.692 0.01832205007
0.694 0.0183306800024
0.696 0.0183394400483
0.698 0.0183483016854
0.7 0.0183572424379
0.702 0.0183662522976
0.704 0.0183753342226
0.706 0.0183845005349
0.708 0.0183937699025
0.71 0.0184031550273
0.712 0.0184126578375
0.714 0.0184222606089
0.716 0.0184319243333
0.718 0.0184415960327
0.72 0.0184512154526
0.722 0.0184607279828
0.724 0.0184700965451
0.726 0.0184793064334
0.728 0.0184883681458
0.73 0.0184973114802
0.732 0.0185061750007
0.734 0.0185149928713
0.736 0.0185237855062
0.738 0.0185325501392
0.74 0.0185412620321
0.742 0.018549880555
0.744 0.0185583553437
0.746 0.018566642172
0.748 0.0185747117358
0.75 0.0185825569831
0.752 0.0185901929499
0.754 0.0185976532702
0.756 0.018604980834
0.758 0.0186122178117
0.76 0.0186193987774
0.762 0.018626541865
0.764 0.0186336505506
0.766 0.0186407162743
0.768 0.0186477204258
0.77 0.0186546448229
0.772 0.0186614742634
0.774 0.0186681991672
0.776 0.0186748185764
0.778 0.0186813354127
0.78 0.0186877586443
0.782 0.0186940973351
0.784 0.0187003593092
0.786 0.0187065534906
0.788 0.0187126873576
0.79 0.0187187667261
0.792 0.018724795556
0.794 0.0187307731574
0.796 0.0187366946141
0.798 0.0187425471319
0.8 0.0187483088768
0.802 0.0187539514943
0.804 0.0187594443406
0.806 0.0187647577515
0.808 0.0187698691831
0.81 0.0187747667832
0.812 0.0187794523502
0.814 0.0187839365241
0.816 0.0187882366991
0.818 0.0187923706512
0.82 0.0187963451747
0.822 0.0188001567013
0.824 0.0188037845251
0.826 0.0188071947299
0.828 0.0188103474917
0.83 0.0188132015764
0.832 0.0188157245361
0.834 0.0188178974169
0.836 0.0188197163826
0.838 0.0188211908735
0.84 0.0188223391676
0.842 0.018823180169
0.844 0.0188237259936
0.846 0.0188239773255
0.848 0.0188239215105
0.85 0.0188235344987
0.852 0.0188227840139
0.854 0.0188216382781
0.856 0.0188200706054
0.858 0.0188180629356
0.86 0.0188156088729
0.862 0.0188127093914
0.864 0.0188093694169
0.866 0.0188055954137
0.868 0.0188013894478
0.87 0.0187967461612
0.872 0.0187916561378
0.874 0.0187861045897
0.876 0.0187800765268
0.878 0.0187735601551
0.88 0.0187665485826
0.882 0.0187590394352
0.884 0.018751034755
0.886 0.018742534928
0.888 0.0187335420643
0.89 0.018724052454
0.892 0.0187140588992
0.894 0.0187035496817
0.896 0.0186925128936
0.898 0.0186809398589
0.9 0.0186688248115
0.902 0.0186561676495
0.904 0.018642975195
0.906 0.0186292570262
0.908 0.0186150234051
0.91 0.0186002841298
0.912 0.0185850429643
0.914 0.0185693015126
0.916 0.0185530572028
0.918 0.0185363055087
0.92 0.0185190427845
0.922 0.0185012681901
0.924 0.0184829826934
0.926 0.0184641912544
0.928 0.0184449002912
0.93 0.0184251166878
0.932 0.0184048479242
0.934 0.0183840990424
0.936 0.0183628754725
0.938 0.0183411798945
0.94 0.0183190160184
0.942 0.0182963891161
0.944 0.0182733052137
0.946 0.0182497713873
0.948 0.0182257949707
0.95 0.0182013798479
0.952 0.018176528933
0.954 0.0181512406081
0.956 0.018125514583
0.958 0.0180993502079
0.96 0.0180727507328
0.962 0.0180457246997
0.964 0.0180182857087
0.966 0.0179904530117
0.968 0.0179622478147
0.97 0.0179336898039
0.972 0.0179047930211
0.974 0.0178755623962
0.976 0.0178459936793
0.978 0.0178160749359
0.98 0.0177857904162
0.982 0.0177551259357
0.984 0.0177240763187
0.986 0.0176926456588
0.988 0.0176608541383
0.99 0.017628732657
0.992 0.0175963211032
0.994 0.017563659901
0.996 0.0175307869925
0.998 0.0174977264837
1.0 0.0174644909027
1.002 0.0174310742413
1.004 0.0173974624494
1.006 0.0173636342747
1.008 0.0173295729733
1.01 0.017295270661
1.012 0.0172607328359
1.014 0.0172259817499
1.016 0.0171910523893
1.018 0.0171559890641
1.02 0.0171208367546
1.022 0.0170856324747
1.024 0.0170504032506
1.026 0.0170151600281
1.028 0.0169798982791
1.03 0.0169446049016
1.032 0.0169092601673
1.034 0.016873845744
1.036 0.0168383531719
1.038 0.0168027834787
1.04 0.0167671505724
1.042 0.0167314785273
1.044 0.0166957978212
1.046 0.0166601394723
1.048 0.0166245293685
1.05 0.0165889848918
1.052 0.0165535122959
1.054 0.0165181063347
1.056 0.0164827547442
1.058 0.0164474400962
1.06 0.0164121456087
1.062 0.0163768587174
1.064 0.0163415755305
1.066 0.0163062996439
1.068 0.0162710457578
1.07 0.0162358321781
1.072 0.0162006847911
1.074 0.0161656258987
1.076 0.0161306777632
1.078 0.0160958524885
1.08 0.0160611565287
1.082 0.0160265849516
1.084 0.0159921265773
1.086 0.0159577636156
1.088 0.0159234770064
1.09 0.0158892493918
1.092 0.0158550701536
1.094 0.0158209379339
1.096 0.0157868622787
1.098 0.0157528640842
1.1 0.0157189711307
1.102 0.0156852128441
1.104 0.0156516145529
1.106 0.0156181930171
1.108 0.0155849524468
1.11 0.015551880534
1.112 0.0155189533325
1.114 0.0154861392983
1.116 0.0154534040714
1.118 0.0154207200875
1.12 0.0153880694827
1.122 0.015355451477
1.124 0.0153228773063
1.126 0.0152903694989
1.128 0.0152579547889
1.13 0.0152256527523
1.132 0.0151934736812
1.134 0.0151614125718
1.136 0.015129449
1.138 0.0150975505018
1.14 0.0150656799332
1.142 0.0150338025481
1.144 0.0150018932285
1.146 0.0149699410964
1.148 0.0149379495277
1.15 0.0149059337325
1.152 0.0148739137208
1.154 0.0148419079048
1.156 0.0148099272785
1.158 0.0147779685401
1.16 0.0147460149436
1.162 0.0147140392349
1.164 0.0146820086422
1.166 0.0146498911632
1.168 0.014617662326
1.17 0.0145853098825
1.172 0.0145528349188
1.174 0.0145202487429
1.176 0.0144875691088
1.178 0.0144548158047
1.18 0.0144220040985
1.182 0.0143891412323
1.184 0.0143562256861
1.186 0.0143232473981
1.188 0.0142901896683
1.19 0.0142570344447
1.192 0.0142237645633
1.194 0.0141903682579
1.196 0.0141568392185
1.198 0.014123179991
1.2 0.0140893983356
1.202 0.0140555075601
1.204 0.0140215242046
1.206 0.0139874658053
1.208 0.0139533501781
1.21 0.0139191922373
1.212 0.0138850042249
1.214 0.013850794003
1.216 0.0138165639396
1.218 0.0137823128827
1.22 0.0137480359764
1.222 0.0137137285105
1.224 0.0136793883648
1.226 0.0136450181975
1.228 0.0136106303785
1.23 0.0135762449959
1.232 0.0135418885036
1.234 0.0135075893718
1.236 0.0134733736044
1.238 0.0134392616097
1.24 0.0134052635017
1.242 0.0133713771426
1.244 0.0133375908223
1.246 0.0133038903029
1.248 0.0132702611584
1.25 0.0132366987428
1.252 0.0132032096322
1.254 0.0131698118826
1.256 0.013136535606
1.258 0.0131034155845
1.26 0.0130704822459
1.262 0.0130377571323
1.264 0.0130052459299
1.266 0.0129729370504
1.268 0.0129408047579
1.27 0.0129088171404
1.272 0.0128769401079
1.274 0.0128451486586
1.276 0.0128134326024
1.278 0.0127817956453
1.28 0.0127502568396
1.282 0.0127188404349
1.284 0.0126875717675
1.286 0.0126564676334
1.288 0.0126255327244
1.29 0.0125947533087
1.292 0.0125641029781
1.294 0.0125335434087
1.296 0.0125030337224
1.298 0.0124725354832
1.3 0.0124420175449
1.302 0.0124114609156
1.304 0.0123808566631
1.306 0.0123502041913
1.308 0.0123195078062
1.31 0.0122887712818
1.312 0.012257995612
1.314 0.0122271755708
1.316 0.012196297876
1.318 0.0121653464098
1.32 0.0121342977661
1.322 0.0121031273986
1.324 0.0120718107136
1.326 0.0120403234247
1.328 0.0120086458438
1.33 0.0119767588389
1.332 0.011944651896
1.334 0.0119123172209
1.336 0.0118797538396
1.338 0.0118469661821
1.34 0.0118139599564
1.342 0.0117807411764
1.344 0.0117473130678
1.346 0.0117136724428
1.348 0.0116798090072
1.35 0.011645704045
1.352 0.0116113350941
1.354 0.0115766803306
1.356 0.0115417226143
1.358 0.0115064559635
1.36 0.0114708851498
1.362 0.0114350275036
1.364 0.0113989097128
1.366 0.0113625614815
1.368 0.0113260080498
1.37 0.0112892646898
1.372 0.0112523312774
1.374 0.0112151943205
1.376 0.0111778277212
1.378 0.0111402034312
1.38 0.0111022955187
1.382 0.0110640910476
1.384 0.01102559139
1.386 0.0109868168161
1.388 0.010947799116
1.39 0.0109085778137
1.392 0.0108691927135
1.394 0.0108296735831
1.396 0.0107900391468
1.398 0.0107502906604
1.4 0.01071041832
1.402 0.0106704070336
1.404 0.010630238277
1.406 0.0105899041963
1.408 0.0105494050276
1.41 0.0105087548688
1.412 0.010467978688
1.414 0.0104271070811
1.416 0.0103861734244
1.418 0.0103452067597
1.42 0.0103042302911
1.422 0.0102632583146
1.424 0.0102223012741
1.426 0.0101813651798
1.428 0.0101404569795
1.43 0.0100995870453
1.432 0.0100587698313
1.434 0.0100180246634
1.436 0.00997737411575
1.438 0.00993684273244
1.44 0.00989645497749
1.442 0.00985623071486
1.444 0.00981619006268
1.446 0.00977634988496
1.448 0.00973672565168
1.45 0.00969733334686
1.452 0.00965818696639
1.454 0.00961930288023
1.456 0.00958069769841
1.458 0.00954238950904
1.46 0.00950439486401
1.462 0.00946673070735
1.464 0.00942941448118
1.466 0.00939246479952
1.468 0.00935590145656
1.47 0.00931974480227
1.472 0.00928401485084
1.474 0.00924872839822
1.476 0.00921389801851
1.478 0.00917952928166
1.48 0.00914562474558
1.482 0.00911218081836
1.484 0.00907919285198
1.486 0.00904665567664
1.488 0.00901456804628
1.49 0.00898293360304
1.492 0.00895176362494
1.494 0.00892107167622
1.496 0.00889087547286
1.498 0.0088611884931
1.5 0.00883201889501
1.502 0.00880336670653
1.504 0.00877522363772
1.506 0.0087475745684
1.508 0.00872040088054
1.51 0.00869368316409
1.512 0.0086674090471
1.514 0.00864157024556
1.516 0.00861616717146
1.518 0.00859120470489
1.52 0.00856669012187
1.522 0.0085426280924
1.524 0.00851901924248
1.526 0.00849585434195
1.528 0.00847311940293
1.53 0.0084507927613
1.532 0.00842885023701
1.534 0.00840727112595
1.536 0.00838603788002
1.538 0.00836514026511
1.54 0.00834457421323
1.542 0.00832434223831
1.544 0.00830444764242
1.546 0.00828489232749
1.548 0.00826567425967
1.55 0.00824678445094
1.552 0.00822820493719
1.554 0.0082099134203
1.556 0.00819188452223
1.558 0.00817409287484
1.56 0.00815651652403
1.562 0.00813913855783
1.564 0.00812194995816
1.566 0.00810494901293
1.568 0.00808813785015
1.57 0.00807152384184
1.572 0.00805511350601
1.574 0.00803891028466
1.576 0.0080229130438
1.578 0.00800711384333
1.58 0.00799149726516
1.582 0.00797604501925
1.584 0.0079607334294
1.586 0.00794553748156
1.588 0.00793043592549
1.59 0.00791541147313
1.592 0.00790045511648
1.594 0.00788556419946
1.596 0.00787074542408
1.598 0.00785601033029
1.6 0.0078413730082
1.602 0.00782684537789
1.604 0.00781243554139
1.606 0.00779814442069
1.608 0.00778396266371
1.61 0.00776987570249
1.612 0.00775586281498
1.614 0.00774190269501
1.616 0.00772797662852
1.618 0.00771407316144
1.62 0.00770018932368
1.622 0.00768633041917
1.624 0.00767250961017
1.626 0.00765874456863
1.628 0.00764505159666
1.63 0.00763144391443
1.632 0.00761792489595
1.634 0.00760449113927
1.636 0.00759113070217
1.638 0.00757782712475
1.64 0.00756456337676
1.642 0.00755132534411
1.644 0.0075381056307
1.646 0.00752490569054
1.648 0.00751173239558
1.65 0.0074986006779
1.652 0.00748552603962
1.654 0.00747252061083
1.656 0.00745959135155
1.658 0.00744673709191
1.66 0.0074339493219
1.662 0.00742121085956
1.664 0.00740849975278
1.666 0.00739579581743
1.668 0.00738308023562
1.67 0.00737034307335
1.672 0.00735758189259
1.674 0.00734480217737
1.676 0.00733201604777
1.678 0.00731923664168
1.68 0.00730647840128
1.682 0.00729375026857
1.684 0.00728105483957
1.686 0.0072683853042
1.688 0.00725573058449
1.69 0.00724307104041
1.692 0.007230385682
1.694 0.00721765407313
1.696 0.00720486213579
1.698 0.00719200292195
1.7 0.00717907657568
1.702 0.00716609128501
1.704 0.00715305976804
1.706 0.00713999739486
1.708 0.0071269183335
1.71 0.0071138350602
1.712 0.00710075506891
1.714 0.00708767973556
1.716 0.00707460719822
1.718 0.00706153211879
1.72 0.00704844744521
1.722 0.00703534796738
1.724 0.0070222310073
1.726 0.00700909808104
1.728 0.00699595550655
1.73 0.00698281265991
1.732 0.00696968157923
1.734 0.00695657728467
1.736 0.00694351154426
1.738 0.00693049609002
1.74 0.00691753945997
1.742 0.00690464684412
1.744 0.00689182213834
1.746 0.00687906753462
1.748 0.00686638344083
1.75 0.00685377119297
1.752 0.00684123299489
1.754 0.00682877381276
1.756 0.00681640218459
1.758 0.00680412743054
1.76 0.00679195944063
1.762 0.00677990891689
1.764 0.00676798217924
1.766 0.00675618455764
1.768 0.00674451657016
1.77 0.00673297461271
1.772 0.00672155245329
1.774 0.00671024124587
1.776 0.00669903500652
1.778 0.0066879301393
1.78 0.00667692923229
1.782 0.00666603982557
1.784 0.00665527367325
1.786 0.00664464513334
1.788 0.00663416718195
1.79 0.00662385002488
1.792 0.00661369820221
1.794 0.00660370945387
1.796 0.00659387623591
1.798 0.00658418704431
1.8 0.00657462952305
1.802 0.0065651921161
1.804 0.00655586913352
1.806 0.00654665905324
1.808 0.00653756700141
1.81 0.00652860064405
1.812 0.0065197695851
1.814 0.00651108189273
1.816 0.00650254207287
1.818 0.00649415063945
1.82 0.00648590350253
1.822 0.00647779316596
1.824 0.00646981247179
1.826 0.00646195439394
1.828 0.0064542150804
1.83 0.00644659442102
1.832 0.00643909482789
1.834 0.00643172106893
1.836 0.00642447740224
1.838 0.00641736704974
1.84 0.00641039107744
1.842 0.00640354846319
1.844 0.00639683703891
1.846 0.00639025223253
1.848 0.00638379228796
1.85 0.00637745544514
1.852 0.00637124310206
1.854 0.00636515872267
1.856 0.00635920758689
1.858 0.00635339653682
1.86 0.00634773155047
1.862 0.00634221791977
1.864 0.00633686034889
1.866 0.00633166292174
1.868 0.00632662723642
1.87 0.00632175560892
1.872 0.00631704850132
1.874 0.00631250458955
1.876 0.00630812172359
1.878 0.00630389724937
1.88 0.00629983001897
1.882 0.0062959175363
1.884 0.00629215925936
1.886 0.00628855729416
1.888 0.00628511647685
1.89 0.00628184303331
1.892 0.00627874391175
1.894 0.00627582461412
1.896 0.00627308744849
1.898 0.00627053261073
1.9 0.00626815476074
1.902 0.00626594658666
1.904 0.00626389677425
1.906 0.00626199581357
1.908 0.00626023575866
1.91 0.00625861172753
1.912 0.0062571226803
1.914 0.0062557714152
1.916 0.00625456136025
1.918 0.00625349768751
1.92 0.006252580385
1.922 0.00625180821077
1.924 0.0062511750069
1.926 0.00625066878528
1.928 0.00625027621596
1.93 0.0062499830289
1.932 0.0062497761201
1.934 0.00624964540552
1.936 0.00624958241314
1.938 0.00624958375311
1.94 0.00624964562349
1.942 0.00624976365227
1.944 0.00624993007964
1.946 0.00625013667768
1.948 0.00625037076441
1.95 0.00625061817382
1.952 0.0062508648698
1.954 0.0062510964324
1.956 0.00625130101538
1.958 0.00625146925479
1.96 0.00625159425039
1.962 0.00625167077634
1.964 0.00625169535046
1.966 0.00625166349883
1.968 0.00625157086752
1.97 0.00625141216664
1.972 0.00625118062819
1.974 0.00625086980602
1.976 0.00625047311011
1.978 0.0062499853003
1.98 0.00624939956851
1.982 0.00624871133466
1.984 0.00624791579867
1.986 0.00624700602645
1.988 0.00624597610599
1.99 0.00624482029535
1.992 0.00624353434645
1.994 0.00624211491542
1.996 0.0062405608502
1.998 0.00623887308285
2.0 0.00623705344932
2.002 0.00623510435559
2.004 0.0062330238596
2.006 0.00623081026728
2.008 0.00622845817061
2.01 0.00622595872142
2.012 0.0062233012437
2.014 0.00622047588736
2.016 0.00621747345838
2.018 0.00621428910882
2.02 0.0062109194626
2.022 0.00620736693988
2.024 0.00620363362079
2.026 0.00619972274334
2.028 0.00619563464354
2.03 0.00619136784946
2.032 0.00618691569693
2.034 0.00618227135795
2.036 0.00617742449841
2.038 0.00617236490231
2.04 0.00616708562163
2.042 0.00616158080842
2.044 0.00615584614461
2.046 0.00614988065826
2.048 0.00614368274352
2.05 0.00613725020424
2.052 0.00613057907049
2.054 0.00612366404824
2.056 0.00611649701164
2.058 0.00610906915859
2.06 0.006101372839
2.062 0.006093401707
2.064 0.00608515163059
2.066 0.00607662064183
2.068 0.00606780882266
2.07 0.00605871519106
2.072 0.00604934116491
2.074 0.00603968450433
2.076 0.00602974146325
2.078 0.00601950583566
2.08 0.00600897058561
2.082 0.0059981285231
2.084 0.00598697243617
2.086 0.00597549602674
2.088 0.00596369369473
2.09 0.00595156198621
2.092 0.00593909917103
2.094 0.00592630449304
2.096 0.00591317654624
2.098 0.0058997172027
2.1 0.00588592686243
2.102 0.00587180746351
2.104 0.005857361566
2.106 0.00584259098813
2.108 0.00582749816383
2.11 0.00581208484517
2.112 0.00579635288617
2.114 0.00578030291475
2.116 0.00576393679084
2.118 0.00574725539437
2.12 0.00573026087734
2.122 0.00571295398376
2.124 0.00569533882964
2.126 0.00567742089113
2.128 0.00565920402624
2.13 0.00564069412504
2.132 0.00562189586356
2.134 0.00560281110379
2.136 0.00558344207982
2.138 0.0055637893457
2.14 0.00554385253946
2.142 0.00552363220893
2.144 0.00550312960612
2.146 0.00548234835712
2.148 0.00546129295978
2.15 0.00543996864619
2.152 0.00541838073037
2.154 0.00539653340624
2.156 0.00537442785966
2.158 0.00535206234864
2.16 0.00532943364516
2.162 0.00530653568507
2.164 0.00528336366837
2.166 0.00525991235903
2.168 0.00523618056313
2.17 0.00521216929874
2.172 0.00518788181195
2.174 0.00516332474476
2.176 0.00513850468533
2.178 0.00511342940982
2.18 0.00508810539025
2.182 0.00506253734862
2.184 0.00503672635879
2.186 0.00501067360469
2.188 0.0049843786804
2.19 0.00495784182377
2.192 0.00493106309479
2.194 0.00490404485756
2.196 0.00487679101621
2.198 0.00484930506682
2.2 0.00482159385149
2.202 0.0047936646323
2.204 0.00476552520334
2.206 0.00473718378455
2.208 0.00470865077409
2.21 0.00467993517584
2.212 0.00465104702197
2.214 0.00462199404434
2.216 0.00459278354697
2.218 0.00456342050195
2.22 0.00453390909127
2.222 0.00450425200095
2.224 0.00447445168499
2.226 0.0044445099834
2.228 0.00441443139817
2.23 0.00438422100726
2.232 0.00435388697275
2.234 0.00432343784058
2.236 0.00429288231864
2.238 0.00426222900285
2.24 0.00423148560325
2.242 0.00420065793569
2.244 0.00416975012626
2.246 0.00413876474881
2.248 0.00410770452544
2.25 0.00407657251392
2.252 0.00404537616641
2.254 0.00401412288094
2.256 0.00398282467366
2.258 0.00395149309453
2.26 0.00392014078758
2.262 0.00388877814689
2.264 0.00385741592449
2.266 0.00382606099847
2.268 0.00379471632475
2.27 0.00376338563135
2.272 0.00373207067619
2.274 0.00370077400522
2.276 0.00366949901443
2.278 0.00363825002777
2.28 0.00360703482925
2.282 0.00357586262295
2.284 0.00354474335691
2.286 0.00351368853728
2.288 0.00348270871802
2.29 0.00345181467521
2.292 0.00342101618696
2.294 0.00339032039913
2.296 0.00335973482166
2.298 0.00332926687058
2.3 0.0032989214658
2.302 0.00326870366522
2.304 0.00323861684882
2.306 0.00320866555848
2.308 0.00317885307434
2.31 0.00314918441242
2.312 0.0031196661908
2.314 0.00309030581542
2.316 0.00306111141023
2.318 0.00303209219532
2.32 0.00300325759457
2.322 0.00297461630605
2.324 0.00294617516758
2.326 0.00291793699508
2.328 0.00288990419857
2.33 0.00286207656603
2.332 0.00283445157739
2.334 0.0028070277588
2.336 0.00277980395817
2.338 0.00275277995573
2.34 0.00272595665947
2.342 0.00269933560126
2.344 0.00267292053325
2.346 0.00264671224143
2.348 0.00262071254975
2.35 0.00259492022219
2.352 0.00256933212075
2.354 0.00254394420942
2.356 0.00251875188806
2.358 0.00249375046078
2.36 0.00246893583946
2.362 0.00244430440406
2.364 0.0024198547406
2.366 0.00239558527907
2.368 0.00237149514553
2.37 0.00234758152592
2.372 0.00232384275445
2.374 0.00230027671703
2.376 0.00227687889973
2.378 0.00225364577247
2.38 0.00223057473925
2.382 0.00220766400206
2.384 0.0021849114949
2.386 0.0021623167337
2.388 0.0021398790546
2.39 0.00211759639159
2.392 0.00209546821467
2.394 0.00207349248385
2.396 0.00205166903918
2.398 0.00202999893675
2.4 0.00200848321263
2.402 0.00198712574082
2.404 0.00196593122127
2.406 0.00194490549806
2.408 0.00192405343712
2.41 0.00190338226261
2.412 0.00188289528048
2.414 0.00186259522086
2.416 0.00184248262397
2.418 0.00182255816368
2.42 0.0018028244762
2.422 0.00178328401954
2.424 0.0017639417857
2.426 0.00174480552264
2.428 0.00172588524029
2.43 0.00170719071655
2.432 0.00168873281141
2.434 0.00167052126085
2.436 0.00165256572494
2.438 0.00163487229569
2.44 0.0016174465912
2.442 0.00160029368347
2.444 0.00158341818651
2.446 0.00156682604826
2.448 0.00155052372073
2.45 0.00153451947588
2.452 0.00151882261163
2.454 0.0015034430221
2.456 0.00148839088921
2.458 0.00147367677493
2.46 0.00145930975342
2.462 0.00144529832269
2.464 0.00143165019091
2.466 0.00141837231808
2.468 0.00140546939214
2.47 0.00139294683518
2.472 0.00138080774513
2.474 0.00136905528592
2.476 0.00135768979156
2.478 0.00134671189791
2.48 0.00133612269317
2.482 0.00132592151743
2.484 0.00131610808468
2.486 0.00130668262706
2.488 0.00129764576673
2.49 0.00128899833175
2.492 0.00128074004219
2.494 0.00127286998806
2.496 0.00126538677727
2.498 0.00125828571375
2.5 0.00125156026142
2.502 0.00124520338025
2.504 0.00123920619224
2.506 0.00123355978728
2.508 0.00122825604952
2.51 0.00122328631685
2.512 0.00121864473334
2.514 0.0012143244352
2.516 0.00121031789632
2.518 0.00120661733278
2.52 0.00120321362863
2.522 0.00120009699576
2.524 0.00119725597217
2.526 0.00119467894189
2.528 0.00119235437491
2.53 0.00119027111714
2.532 0.00118841934247
2.534 0.00118679028297
2.536 0.00118537622247
2.538 0.00118416955489
2.54 0.00118316537636
2.542 0.00118235586479
2.544 0.00118173524218
2.546 0.00118129726065
2.548 0.00118103595627
2.55 0.00118094426102
2.552 0.00118101674295
2.554 0.00118125022815
2.556 0.00118164173259
2.558 0.00118218999035
2.56 0.00118289442722
2.562 0.00118375612327
2.564 0.00118477701842
2.566 0.00118596169076
2.568 0.00118731254801
2.57 0.00118883741433
2.572 0.00119054150773
2.574 0.00119243318221
2.576 0.00119452082981
2.578 0.00119681242861
2.58 0.00119931676855
2.582 0.00120204204759
2.584 0.00120499762758
2.586 0.00120819341842
2.588 0.00121164074018
2.59 0.00121535154084
2.592 0.00121933946834
2.594 0.00122362029685
2.596 0.00122820902627
2.598 0.00123312278077
2.6 0.00123837729845
2.602 0.00124398932514
2.604 0.00124997469293
2.606 0.00125635015372
2.608 0.00126313155161
2.61 0.00127033630263
2.612 0.00127797884274
2.614 0.0012860771002
2.616 0.00129464678495
2.618 0.00130370409712
2.62 0.00131326387079
2.622 0.00132333901992
2.624 0.00133394315855
2.626 0.00134508672261
2.628 0.00135677944206
2.63 0.00136902985284
2.632 0.00138184847311
2.634 0.00139524319283
2.636 0.00140922342014
2.638 0.00142379711308
2.64 0.00143897141179
2.642 0.00145475374615
2.644 0.00147114940009
2.646 0.00148816373956
2.648 0.00150579908856
2.65 0.00152405534487
2.652 0.0015429317545
2.654 0.00156242308943
2.656 0.00158252464179
2.658 0.00160322844757
2.66 0.00162452472675
2.662 0.00164640412154
2.664 0.00166885668189
2.666 0.00169187201188
2.668 0.00171543905155
2.67 0.00173954652487
2.672 0.00176418431575
2.674 0.00178934118418
2.676 0.0018150044582
2.678 0.0018411596937
2.68 0.00186778998665
2.682 0.00189487550695
2.684 0.00192239569655
2.686 0.00195032782147
2.688 0.00197864870575
2.69 0.00200733409526
2.692 0.00203636090995
2.694 0.00206570737993
2.696 0.00209535297516
2.698 0.00212527735366
2.7 0.00215545981947
2.702 0.0021858787804
2.704 0.0022165108664
2.706 0.00224733055336
2.708 0.00227831243921
2.71 0.00230943034791
2.712 0.0023406571674
2.714 0.00237196662956
2.716 0.0024033339942
2.718 0.00243473513719
2.72 0.00246614897049
2.722 0.002497555608
2.724 0.00252893450966
2.726 0.0025602630993
2.728 0.00259151834086
2.73 0.00262267628423
2.732 0.00265371014521
2.734 0.00268459279566
2.736 0.00271529699348
2.738 0.00274579691852
2.74 0.00277606883475
2.742 0.0028060927442
2.744 0.00283584990068
2.746 0.00286532151023
2.748 0.00289449291289
2.75 0.0029233473427
2.752 0.00295186869556
2.754 0.00298003974343
2.756 0.00300784375636
2.758 0.00303526174215
2.76 0.00306227632055
2.762 0.00308887022555
2.764 0.00311502716702
2.766 0.00314073382894
2.768 0.00316597656936
2.77 0.00319074394633
2.772 0.00321502391989
2.774 0.0032388061141
2.776 0.00326208162114
2.778 0.00328484197095
2.78 0.00330707986149
2.782 0.00332878928462
2.784 0.00334996462031
2.786 0.0033706021085
2.788 0.00339069674711
2.79 0.00341024365397
2.792 0.00342923953308
2.794 0.00344767796636
2.796 0.00346555480186
2.798 0.00348286704359
2.8 0.00349961217354
2.802 0.00351578950771
2.804 0.00353139851995
2.806 0.00354644159634
2.808 0.00356092039274
2.81 0.00357483739115
2.812 0.00358819478165
2.814 0.00360099422618
2.816 0.00361323689073
2.818 0.0036249234953
2.82 0.0036360548119
2.822 0.00364663455068
2.824 0.00365666482971
2.826 0.00366615071293
2.828 0.00367509813251
2.83 0.00368351213837
2.832 0.00369139784245
2.834 0.00369875981291
2.836 0.00370560014368
2.838 0.00371192028462
2.84 0.0037177210558
2.842 0.00372300343709
2.844 0.00372776936647
2.846 0.00373202245404
2.848 0.00373576927188
2.85 0.00373901823601
2.852 0.00374177741843
2.854 0.00374405556118
2.856 0.00374586101626
2.858 0.00374720169162
2.86 0.00374808365935
2.862 0.00374851403145
2.864 0.00374849869395
2.866 0.00374804386884
2.868 0.00374715488215
2.87 0.00374583926396
2.872 0.00374410594828
2.874 0.003741963653
2.876 0.0037394223602
2.878 0.00373649248783
2.88 0.00373318322791
2.882 0.00372950485654
2.884 0.00372546591565
2.886 0.00372107638321
2.888 0.00371634644743
2.89 0.00371128753435
2.892 0.00370590960198
2.894 0.00370022441842
2.896 0.00369424336377
2.898 0.00368797711212
2.9 0.00368143667348
2.902 0.00367463090582
2.904 0.00366757041721
2.906 0.00366026521775
2.908 0.00365272432739
2.91 0.00364495798237
2.912 0.00363697600662
2.914 0.00362878659218
2.916 0.00362039709111
2.918 0.00361181475545
2.92 0.00360304515127
2.922 0.00359409277272
2.924 0.00358496428589
2.926 0.00357566501465
2.928 0.00356620334901
2.93 0.003556589455
2.932 0.00354683504056
2.934 0.00353695427187
2.936 0.0035269596128
2.938 0.00351686170539
2.94 0.00350666908143
2.942 0.00349638702507
2.944 0.00348601902418
2.946 0.00347556541083
2.948 0.00346502727489
2.95 0.00345440544834
2.952 0.0034437034392
2.954 0.00343292767941
2.956 0.00342208656899
2.958 0.00341119150203
2.96 0.00340025463255
2.962 0.00338928779859
2.964 0.00337830147622
2.966 0.00336730292126
2.968 0.00335629864778
2.97 0.00334529284764
2.972 0.00333428952894
2.974 0.00332329275361
2.976 0.00331230710565
2.978 0.00330133948701
2.98 0.00329039870378
2.982 0.00327949489997
2.984 0.00326863837761
2.986 0.00325783932664
2.988 0.00324710892932
2.99 0.00323645499556
2.992 0.00322588694348
2.994 0.00321541297108
2.996 0.00320504018238
2.998 0.0031947776974
3.0 0.00318463519016
3.002 0.00317462446682
3.004 0.00316475770348
3.006 0.00315504806009
3.008 0.0031455095369
3.01 0.00313615794802
3.012 0.00312700628153
3.014 0.0031180681534
3.016 0.00310935778987
3.018 0.00310088836297
3.02 0.00309267260086
3.022 0.0030847243975
3.024 0.00307705566099
3.026 0.00306967793534
3.028 0.00306260294666
3.03 0.0030558417569
3.032 0.00304940619015
3.034 0.00304330902858
3.036 0.00303756194821
3.038 0.00303217861528
3.04 0.00302717120162
3.042 0.00302255262923
3.044 0.00301833529207
3.046 0.00301453178811
3.048 0.00301115283135
3.05 0.00300820824182
3.052 0.00300570604939
3.054 0.00300365346422
3.056 0.00300205693018
3.058 0.00300092100934
3.06 0.0030002526718
3.062 0.00300005625564
3.064 0.00300033853701
3.066 0.00300110400584
3.068 0.00300235767002
3.07 0.00300410532961
3.072 0.00300635092249
3.074 0.00300909940073
3.076 0.0030123539942
3.078 0.0030161191129
3.08 0.00302039781671
3.082 0.00302519345376
3.084 0.00303050838193
3.086 0.0030363440912
3.088 0.0030427028516
3.09 0.00304958467311
3.092 0.0030569887936
3.094 0.00306491217705
3.096 0.00307335276561
3.098 0.00308230583713
3.1 0.00309176844959
3.102 0.00310173589098
3.104 0.00311220452917
3.106 0.00312317127428
3.108 0.00313463226616
3.11 0.00314658482281
3.112 0.00315902339414
3.114 0.00317194337029
3.116 0.00318533732125
3.118 0.003199197559
3.12 0.00321351435951
3.122 0.00322827793485
3.124 0.00324347838492
3.126 0.00325910409369
3.128 0.00327514434322
3.13 0.00329158826149
3.132 0.00330842419446
3.134 0.0033256400262
3.136 0.0033432227866
3.138 0.00336115906964
3.14 0.00337943365328
3.142 0.0033980325855
3.144 0.00341694061226
3.146 0.00343614184754
3.148 0.00345562116315
3.15 0.00347536243915
3.152 0.00349534901343
3.154 0.00351556263587
3.156 0.00353598551065
3.158 0.00355659833182
3.16 0.00357737981318
3.162 0.00359830970276
3.164 0.00361936755653
3.166 0.00364053260037
3.168 0.00366178365417
3.17 0.0036830990058
3.172 0.00370445779517
3.174 0.00372583571607
3.176 0.00374721034453
3.178 0.00376855710436
3.18 0.00378984815151
3.182 0.00381105801998
3.184 0.00383216095382
3.186 0.00385313015081
3.188 0.00387394289677
3.19 0.0038945789838
3.192 0.00391501821572
3.194 0.00393524392242
3.196 0.00395523930573
3.198 0.00397498705167
3.2 0.00399446988016
3.202 0.00401366793121
3.204 0.00403256030072
3.206 0.00405112546078
3.208 0.00406934219535
3.21 0.0040871918824
3.212 0.00410465792789
3.214 0.0041217271818
3.216 0.00413839025795
3.218 0.00415463928635
3.22 0.00417046866498
3.222 0.00418587189167
3.224 0.00420084485857
3.226 0.00421538180566
3.228 0.00422947522307
3.23 0.00424311841886
3.232 0.00425630519503
3.234 0.00426903000562
3.236 0.00428128979863
3.238 0.004293084214
3.24 0.00430441581772
3.242 0.00431528926173
3.244 0.00432571142605
3.246 0.0043356912347
3.248 0.00434523912376
3.25 0.00435436564934
3.252 0.00436308256151
3.254 0.00437140144247
3.256 0.00437933459421
3.258 0.00438689241071
3.26 0.00439408732805
3.262 0.00440093160032
3.264 0.00440743712156
3.266 0.00441361648386
3.268 0.00441948130332
3.27 0.00442504267395
3.272 0.00443031405186
3.274 0.00443530801522
3.276 0.00444003829797
3.278 0.0044445188063
3.28 0.00444876227015
3.282 0.00445278245749
3.284 0.00445659167226
3.286 0.00446020161655
3.288 0.00446362144433
3.29 0.00446685936367
3.292 0.00446992073644
3.294 0.0044728112168
3.296 0.00447553577689
3.298 0.00447809771066
3.3 0.00448050153026
3.302 0.00448275197377
3.304 0.00448485391727
3.306 0.00448681142477
3.308 0.00448862958227
3.31 0.00449031037786
3.312 0.00449185668554
3.314 0.00449326773531
3.316 0.0044945445911
3.318 0.00449568599684
3.32 0.00449669263466
3.322 0.00449756421843
3.324 0.00449830272815
3.326 0.00449891140375
3.328 0.00449939382539
3.33 0.00449975397514
3.332 0.00449999570102
3.334 0.0045001232191
3.336 0.00450013734323
3.338 0.00450003839551
3.34 0.00449982450169
3.342 0.00449949285579
3.344 0.00449903812171
3.346 0.00449845760337
3.348 0.00449774660878
3.35 0.00449690294392
3.352 0.00449592453287
3.354 0.00449480988776
3.356 0.00449355755444
3.358 0.00449216691506
3.36 0.00449063733762
3.362 0.00448896593005
3.364 0.00448715090625
3.366 0.00448518974831
3.368 0.00448307934014
3.37 0.00448081636574
3.372 0.00447839691309
3.374 0.0044758192022
3.376 0.00447307904321
3.378 0.00447017571024
3.38 0.0044671047993
3.382 0.00446386314845
3.384 0.00446044691775
3.386 0.00445685325528
3.388 0.00445307837501
3.39 0.00444912034496
3.392 0.00444497636118
3.394 0.00444064424952
3.396 0.00443612160199
3.398 0.00443140656851
3.4 0.00442649524314
3.402 0.00442138409972
3.404 0.00441606810626
3.406 0.00441054118066
3.408 0.00440479760713
3.41 0.00439883258959
3.412 0.00439263944009
3.414 0.00438621244264
3.416 0.00437954718713
3.418 0.00437264014765
3.42 0.00436548866596
3.422 0.00435809110607
3.424 0.0043504456179
3.426 0.00434255330938
3.428 0.00433441272244
3.43 0.00432602384707
3.432 0.00431738574342
3.434 0.00430849712748
3.436 0.00429935708318
3.438 0.0042899639826
3.44 0.00428031691779
3.442 0.00427041580062
3.444 0.00426026086115
3.446 0.00424985327347
3.448 0.00423919394143
3.45 0.00422828395903
3.452 0.00421712311427
3.454 0.00420571279109
3.456 0.0041940515334
3.458 0.00418214054736
3.46 0.00416997786282
3.462 0.00415756064591
3.464 0.00414488675848
3.466 0.00413195279654
3.468 0.004118755812
3.47 0.00410529266285
3.472 0.00409155958102
3.474 0.00407755417443
3.476 0.00406327312308
3.478 0.00404871518688
3.48 0.00403388006384
3.482 0.00401876718181
3.484 0.00400337719687
3.486 0.00398770955687
3.488 0.00397176280974
3.49 0.00395553746155
3.492 0.00393903234022
3.494 0.00392224660776
3.496 0.00390517994016
3.498 0.00388783111149
3.5 0.00387020208976
3.502 0.00385229570697
3.504 0.00383411652513
3.506 0.00381566878825
3.508 0.00379695903828
3.51 0.00377799323728
3.512 0.00375877684329
3.514 0.0037393150683
3.516 0.00371961241846
3.518 0.00369967427995
3.52 0.00367950391267
3.522 0.00365910629281
3.524 0.00363848781035
3.526 0.0036176557354
3.528 0.00359661940396
3.53 0.00357538673392
3.532 0.00355396837344
3.534 0.0035323736106
3.536 0.0035106109315
3.538 0.00348868961822
3.54 0.00346661825693
3.542 0.00344440331165
3.544 0.00342205399452
3.546 0.00339957806757
3.548 0.0033769856369
3.55 0.00335428539858
3.552 0.00333148651064
3.554 0.00330859805102
3.556 0.00328562720767
3.558 0.00326258356468
3.56 0.00323947543414
3.562 0.00321631145605
3.564 0.00319310098245
3.566 0.00316985529536
3.568 0.00314658671679
3.57 0.00312330910278
3.572 0.00310003633914
3.574 0.00307678211976
3.576 0.00305356050265
3.578 0.00303038236784
3.58 0.00300725860329
3.582 0.00298419911716
3.584 0.00296121311967
3.586 0.00293831048693
3.588 0.00291550336909
3.59 0.00289280406834
3.592 0.00287022785455
3.594 0.00284779133183
3.596 0.00282551259614
3.598 0.00280340874745
3.6 0.00278149714965
3.602 0.00275979271677
3.604 0.00273831073676
3.606 0.00271706187365
3.608 0.00269605799946
3.61 0.00267531106236
3.612 0.0026548322383
3.614 0.00263463410944
3.616 0.00261473133397
3.618 0.00259513738591
3.62 0.00257586557528
3.622 0.00255692830818
3.624 0.00253833606257
3.626 0.00252009878445
3.628 0.00250222641586
3.63 0.00248472814673
3.632 0.00246761336916
3.634 0.0024508933771
3.636 0.0024345794945
3.638 0.00241868279537
3.64 0.00240321567169
3.642 0.00238818744538
3.644 0.00237360808862
3.646 0.00235948311149
3.648 0.00234581769992
3.65 0.00233261477599
3.652 0.00231987924772
3.654 0.00230761393711
3.656 0.00229582517217
3.658 0.00228452030092
3.66 0.00227370588522
3.662 0.00226339013303
3.664 0.00225357954242
3.666 0.00224427857133
3.668 0.00223549110784
3.67 0.00222721982803
3.672 0.00221946392191
3.674 0.00221222716153
3.676 0.00220551243885
3.678 0.00219932608595
3.68 0.00219367419061
3.682 0.00218856530694
3.684 0.00218400697673
3.686 0.00218000632006
3.688 0.00217656763288
3.69 0.00217369247926
3.692 0.00217138099326
3.694 0.00216962969482
3.696 0.00216843557592
3.698 0.00216779520657
3.7 0.00216770703474
3.702 0.00216817108846
3.704 0.00216918795157
3.706 0.0021707589
3.708 0.00217288580968
3.71 0.00217556924648
3.712 0.00217880741225
3.714 0.00218259834898
3.716 0.00218693677658
3.718 0.00219181660306
3.72 0.00219722822838
3.722 0.00220316372046
3.724 0.00220961269328
3.726 0.00221656678304
3.728 0.00222401617172
3.73 0.0022319502513
3.732 0.00224035992382
3.734 0.00224923494121
3.736 0.00225856579143
3.738 0.00226834307641
3.74 0.00227855970805
3.742 0.00228920863033
3.744 0.00230028216725
3.746 0.00231177339272
3.748 0.00232367467887
3.75 0.00233597605774
3.752 0.00234866548146
3.754 0.00236172819
3.756 0.00237514677325
3.758 0.0023889050714
3.76 0.00240298333626
3.762 0.00241736620172
3.764 0.00243203738362
3.766 0.00244698409786
3.768 0.00246219266433
3.77 0.00247765230294
3.772 0.00249334998768
3.774 0.0025092728645
3.776 0.00252540625545
3.778 0.00254173357651
3.78 0.00255823771777
3.782 0.00257489956321
3.784 0.00259170098486
3.786 0.0026086244186
3.788 0.00262565308256
3.79 0.00264277100455
3.792 0.00265996314854
3.794 0.00267721460058
3.796 0.00269450965657
3.798 0.00271183023461
3.8 0.00272915864673
3.802 0.0027464745849
3.804 0.00276375803908
3.806 0.00278098920722
3.808 0.0027981487593
3.81 0.00281521923133
3.812 0.00283218332916
3.814 0.00284902511274
3.816 0.00286573087212
3.818 0.00288228405106
3.82 0.00289866990751
3.822 0.00291487345738
3.824 0.00293088041665
3.826 0.00294667753135
3.828 0.00296225219346
3.83 0.00297759400897
3.832 0.00299269160984
3.834 0.00300753436813
3.836 0.00302211212575
3.838 0.00303641316274
3.84 0.00305042551286
3.842 0.00306413708217
3.844 0.0030775367625
3.846 0.00309061412589
3.848 0.00310336111426
3.85 0.0031157714856
3.852 0.0031278410339
3.854 0.00313956506908
3.856 0.00315094174113
3.858 0.0031619663879
3.86 0.00317263483753
3.862 0.00318293851585
3.864 0.00319287062893
3.866 0.00320242140474
3.868 0.00321158085927
3.87 0.00322033998442
3.872 0.00322869188825
3.874 0.00323663165676
3.876 0.00324415508993
3.878 0.00325126159783
3.88 0.00325794976647
3.882 0.00326421834576
3.884 0.00327006543364
3.886 0.00327548872416
3.888 0.00328048436326
3.89 0.00328504764898
3.892 0.00328917429533
3.894 0.0032928591563
3.896 0.00329609712994
3.898 0.00329888386024
3.9 0.00330121420935
3.902 0.00330308441124
3.904 0.00330448887185
3.906 0.00330542375723
3.908 0.00330588588345
3.91 0.0033058729105
3.912 0.00330538384838
3.914 0.00330441941503
3.916 0.00330298154251
3.918 0.00330107273484
3.92 0.00329869444794
3.922 0.00329584862174
3.924 0.00329253470011
3.926 0.00328875232696
3.928 0.0032844986943
3.93 0.00327977055411
3.932 0.0032745675484
3.934 0.00326888813737
3.936 0.00326273345111
3.938 0.00325610558169
3.94 0.00324901132119
3.942 0.00324145477969
3.944 0.00323344359507
3.946 0.00322498285726
3.948 0.00321607719634
3.95 0.00320672912025
3.952 0.003196939037
3.954 0.00318670624671
3.956 0.00317603072539
3.958 0.00316491116519
3.96 0.00315334904817
3.962 0.00314134551448
3.964 0.00312890482414
3.966 0.00311603191114
3.968 0.00310273275751
3.97 0.00308901252119
3.972 0.0030748751261
3.974 0.00306032410018
3.976 0.00304536126351
3.978 0.00302998723802
3.98 0.00301420197392
3.982 0.00299800512528
3.984 0.00298139766026
3.986 0.00296438212885
3.988 0.00294696283113
3.99 0.00292914756113
3.992 0.00291094278664
3.994 0.00289235970967
3.996 0.00287340641404
3.998 0.00285409358562
4.0 0.0028344299285
4.002 0.00281442287661
4.004 0.00279407915398
4.006 0.00277340473069
4.008 0.00275240467475
4.01 0.00273108588418
4.012 0.00270945506504
4.014 0.00268752164745
4.016 0.00266529608135
4.018 0.00264279168676
4.02 0.00262002372978
4.022 0.00259700906653
4.024 0.00257376417889
4.026 0.00255030722305
4.028 0.00252665502881
4.03 0.00250282359821
4.032 0.00247882866107
4.034 0.00245468430549
4.036 0.00243040432535
4.038 0.0024060012346
4.04 0.00238148808727
4.042 0.00235687839954
4.044 0.00233218686549
4.046 0.00230742811517
4.048 0.00228261967668
4.05 0.00225777951605
4.052 0.0022329270814
4.054 0.00220808111869
4.056 0.00218325954196
4.058 0.00215848168724
4.06 0.00213376555043
4.062 0.00210912714749
4.064 0.00208458247059
4.066 0.00206014668176
4.068 0.00203583415697
4.07 0.00201166086831
4.072 0.00198764080381
4.074 0.00196379156137
4.076 0.00194013059302
4.078 0.00191667686872
4.08 0.00189344850829
4.082 0.00187046539779
4.084 0.00184774510316
4.086 0.00182530633059
4.088 0.00180316447411
4.09 0.0017813370139
4.092 0.00175984076007
4.094 0.00173869260664
4.096 0.00171791252588
4.098 0.00169752060375
4.1 0.00167753900016
4.102 0.00165799034714
4.104 0.00163889684668
4.106 0.00162027966266
4.108 0.00160216095528
4.11 0.00158455881858
4.112 0.00156749093665
4.114 0.00155097264761
4.116 0.00153501844156
4.118 0.00151964190658
4.12 0.00150485795865
4.122 0.00149068121194
4.124 0.00147712661432
4.126 0.00146420896576
4.128 0.00145194190836
4.13 0.00144033810014
4.132 0.0014294090252
4.134 0.00141916381556
4.136 0.00140961059137
4.138 0.00140075489665
4.14 0.0013926024974
4.142 0.00138515793358
4.144 0.00137842540525
4.146 0.0013724082502
4.148 0.00136710963452
4.15 0.00136253080407
4.152 0.00135867221683
4.154 0.00135553234297
4.156 0.00135310663846
4.158 0.0013513893473
4.16 0.00135037259546
4.162 0.00135004650101
4.164 0.00135040149785
4.166 0.00135142714003
4.168 0.00135311133545
4.17 0.00135544362624
4.172 0.0013584090683
4.174 0.00136199484567
4.176 0.0013661862244
4.178 0.00137096653051
4.18 0.00137631861392
4.182 0.00138222421051
4.184 0.00138866469223
4.186 0.00139562100906
4.188 0.00140307344296
4.19 0.0014110018658
4.192 0.00141938510156
4.194 0.00142820140633
4.196 0.00143742675213
4.198 0.00144703878492
4.2 0.00145701520472
4.202 0.00146733417371
4.204 0.00147797500385
4.206 0.00148891615295
4.208 0.00150013795905
4.21 0.00151162015195
4.212 0.00152334178562
4.214 0.00153528075793
4.216 0.00154741215471
4.218 0.00155971266197
4.22 0.00157215652765
4.222 0.00158471963379
4.224 0.00159737972827
4.226 0.00161011684519
4.228 0.00162291337852
4.23 0.00163575516815
4.232 0.00164863050221
4.234 0.00166152614646
4.236 0.001674430343
4.238 0.00168732872969
4.24 0.00170020507439
4.242 0.00171304280724
4.244 0.00172582327019
4.246 0.0017385290352
4.248 0.00175114426032
4.25 0.00176365600552
4.252 0.00177605386871
4.254 0.00178833179602
4.256 0.00180048549144
4.258 0.00181251003896
4.26 0.00182440221665
4.262 0.00183615730449
4.264 0.0018477684607
4.266 0.00185922880325
4.268 0.00187052955619
4.27 0.00188166453767
4.272 0.00189262618953
4.274 0.00190340958767
4.276 0.00191401245009
4.278 0.00192443368873
4.28 0.00193467289344
4.282 0.00194473092814
4.284 0.00195460845677
4.286 0.00196430734341
4.288 0.00197382780819
4.29 0.00198316986911
4.292 0.0019923331544
4.294 0.00200131716612
4.296 0.00201012234227
4.298 0.00201874937685
4.3 0.0020271995938
4.302 0.00203547426705
4.304 0.00204357575045
4.306 0.00205150675595
4.308 0.00205927023954
4.31 0.0020668695393
4.312 0.00207430668318
4.314 0.00208158680738
4.316 0.00208871371185
4.318 0.00209569036053
4.32 0.00210251853534
4.322 0.00210919912414
4.324 0.00211573115294
4.326 0.00212211236157
4.328 0.00212833974019
4.33 0.00213441021663
4.332 0.00214032099497
4.334 0.00214607073328
4.336 0.00215166108955
4.338 0.00215709414395
4.34 0.00216237258439
4.342 0.00216749902296
4.344 0.00217247514966
4.346 0.00217729950442
4.348 0.00218196880315
4.35 0.00218647882778
4.352 0.00219082262229
4.354 0.00219499331861
4.356 0.00219898446277
4.358 0.00220279076279
4.36 0.00220640949457
4.362 0.00220983819012
4.364 0.00221307629735
4.366 0.00221612405235
4.368 0.00221898047519
4.37 0.00222164297777
4.372 0.00222410999026
4.374 0.00222637808078
4.376 0.00222844345318
4.378 0.00223030561168
4.38 0.00223196560427
4.382 0.00223342616297
4.384 0.00223469113371
4.386 0.00223576579451
4.388 0.00223665515314
4.39 0.00223736493771
4.392 0.00223789743599
4.394 0.00223825674014
4.396 0.00223844486217
4.398 0.00223846516
4.4 0.00223832095779
4.402 0.00223801771762
4.404 0.00223756441152
4.406 0.00223697051756
4.408 0.00223624831363
4.41 0.00223541227784
4.412 0.00223447619398
4.414 0.00223345497596
4.416 0.00223236251565
4.418 0.00223121249116
4.42 0.00223001691843
4.422 0.00222878878942
4.424 0.00222753989215
4.426 0.00222628294472
4.428 0.00222502913301
4.43 0.00222379001519
4.432 0.00222257805313
4.434 0.00222140426479
4.436 0.00222027945205
4.438 0.00221921421885
4.44 0.00221821907907
4.442 0.00221730386473
4.444 0.00221647774778
4.446 0.00221574957631
4.448 0.0022151293104
4.45 0.00221462317615
4.452 0.00221423763756
4.454 0.0022139785768
4.456 0.00221385016787
4.458 0.00221385749677
4.46 0.00221400383945
4.462 0.00221429367192
4.464 0.00221473146418
4.466 0.00221532293424
4.468 0.00221607049611
4.47 0.00221697744573
4.472 0.00221804618116
4.474 0.00221927691034
4.476 0.0022206671272
4.478 0.00222221534373
4.48 0.00222391684591
4.482 0.00222576789568
4.484 0.00222776665309
4.486 0.00222991150815
4.488 0.00223220315093
4.49 0.00223464154742
4.492 0.00223722907971
4.494 0.00223996612387
4.496 0.0022428526199
4.498 0.00224588523393
4.5 0.00224905688974
4.502 0.00225235897537
4.504 0.00225578070282
4.506 0.00225930980404
4.508 0.00226293558911
4.51 0.00226664725991
4.512 0.0022704353345
4.514 0.00227429165687
4.516 0.00227820812101
4.518 0.00228217766496
4.52 0.00228619173478
4.522 0.00229024100054
4.524 0.00229431479426
4.526 0.00229840136602
4.528 0.00230248715584
4.53 0.00230655780978
4.532 0.00231059699166
4.534 0.00231459003958
4.536 0.00231851997746
4.538 0.00232237079917
4.54 0.00232612647662
4.542 0.00232977284786
4.544 0.00233329461477
4.546 0.00233667939134
4.548 0.00233991400753
4.55 0.00234298623333
4.552 0.00234588425671
4.554 0.00234859503564
4.556 0.00235110714017
4.558 0.00235340728021
4.56 0.00235548141565
4.562 0.00235731614054
4.564 0.00235889711271
4.566 0.00236021210213
4.568 0.00236124962278
4.57 0.00236200145272
4.572 0.00236245989385
4.574 0.00236262023003
4.576 0.00236247811931
4.578 0.00236202998977
4.58 0.00236127142131
4.582 0.00236019694787
4.584 0.00235880074743
4.586 0.00235707544989
4.588 0.00235501482133
4.59 0.00235261036757
4.592 0.00234985672068
4.594 0.00234675069673
4.596 0.00234329120779
4.598 0.00233947934593
4.6 0.00233531839729
4.602 0.00233081084989
4.604 0.00232595960988
4.606 0.00232076787518
4.608 0.00231523840988
4.61 0.00230937328184
4.612 0.00230317407105
4.614 0.00229664427347
4.616 0.00228978708308
4.618 0.00228260646397
4.62 0.00227510866823
4.622 0.0022672987378
4.624 0.00225918552283
4.626 0.00225077564926
4.628 0.00224207873527
4.63 0.00223310519887
4.632 0.00222386597822
4.634 0.00221437180535
4.636 0.00220463317235
4.638 0.0021946601291
4.64 0.00218446231961
4.642 0.00217404829798
4.644 0.00216342674622
4.646 0.00215260476428
4.648 0.00214158917209
4.65 0.00213038856375
4.652 0.0021190116892
4.654 0.00210747078646
4.656 0.00209577816357
4.658 0.00208394904854
4.66 0.00207200050149
4.662 0.00205994962853
4.664 0.00204781137761
4.666 0.00203560204697
4.668 0.00202333475651
4.67 0.00201101993431
4.672 0.0019986668184
4.674 0.00198628505871
4.676 0.00197388237527
4.678 0.0019614689681
4.68 0.00194905422314
4.682 0.00193665057041
4.684 0.00192427097996
4.686 0.00191192956772
4.688 0.00189964017973
4.69 0.00188741730015
4.692 0.00187527266281
4.694 0.0018632185578
4.696 0.00185126483705
4.698 0.0018394211546
4.7 0.00182769509838
4.702 0.00181609448241
4.704 0.00180462591471
4.706 0.00179329534928
4.708 0.00178210989215
4.71 0.00177107555531
4.712 0.00176019939894
4.714 0.00174948906097
4.716 0.00173895171349
4.718 0.00172859528237
4.72 0.00171842937563
4.722 0.00170846300315
4.724 0.00169870401687
4.726 0.00168916087673
4.728 0.0016798400826
4.73 0.00167074757057
4.732 0.00166188827672
4.734 0.0016532663172
4.736 0.00164488577202
4.738 0.00163675228512
4.74 0.00162887173251
4.742 0.00162125083413
4.744 0.001613898654
4.746 0.00160682199378
4.748 0.00160002745154
4.75 0.00159352132109
4.752 0.00158730776851
4.754 0.00158138809179
4.756 0.00157576121287
4.758 0.00157042570175
4.76 0.00156537907041
4.762 0.001560621851
4.764 0.00155615374545
4.766 0.00155197639176
4.768 0.0015480935298
4.77 0.00154451072172
4.772 0.00154123300539
4.774 0.00153826552275
4.776 0.00153561201187
4.778 0.00153327544469
4.78 0.00153125737343
4.782 0.00152955851808
4.784 0.00152817987073
4.786 0.00152712031938
4.788 0.00152638142816
4.79 0.00152596600301
4.792 0.00152587672394
4.794 0.00152611760495
4.796 0.00152669388006
4.798 0.00152761097514
4.8 0.00152887522226
4.802 0.00153049155944
4.804 0.00153246698683
4.806 0.00153480574438
4.808 0.00153751384816
4.81 0.00154059549632
4.812 0.00154405369489
4.814 0.00154789127185
4.816 0.00155210892528
4.818 0.00155670749526
4.82 0.00156168654386
4.822 0.00156704656107
4.824 0.00157278813105
4.826 0.00157890983772
4.828 0.00158541360922
4.83 0.00159229873556
4.832 0.0015995660448
4.834 0.00160721597903
4.836 0.00161524756431
4.838 0.00162366070278
4.84 0.00163245283658
4.842 0.00164162032379
4.844 0.00165116169267
4.846 0.00166107085122
4.848 0.00167134358951
4.85 0.00168197514952
4.852 0.00169296091932
4.854 0.0017042966309
4.856 0.00171597620617
4.858 0.00172799375898
4.86 0.00174034128117
4.862 0.00175301104057
4.864 0.00176599544126
4.866 0.00177928606906
4.868 0.00179287484403
4.87 0.00180675423815
4.872 0.00182091630928
4.874 0.00183535525346
4.876 0.00185006646654
4.878 0.00186504336245
4.88 0.00188028129316
4.882 0.00189577283052
4.884 0.00191151110438
4.886 0.00192748920272
4.888 0.00194369797344
4.89 0.00196013032062
4.892 0.00197677932615
4.894 0.00199363846411
4.896 0.00201070059432
4.898 0.0020279611048
4.9 0.00204541437336
4.902 0.00206305492395
4.904 0.00208087725246
4.906 0.0020988749249
4.908 0.00211703937116
4.91 0.00213536049124
4.912 0.00215382769896
4.914 0.00217243117652
4.916 0.00219116086184
4.918 0.00221000651888
4.92 0.00222895875555
4.922 0.002248009772
4.924 0.00226715099805
4.926 0.00228637481176
4.928 0.00230567037697
4.93 0.00232502681373
4.932 0.00234443066593
4.934 0.00236386629355
4.936 0.00238331762655
4.938 0.00240276725491
4.94 0.00242219813265
4.942 0.00244159426575
4.944 0.00246094178632
4.946 0.00248022918448
4.948 0.00249944527828
4.95 0.0025185798497
4.952 0.00253762501088
4.954 0.00255657239978
4.956 0.00257541274847
4.958 0.00259413556093
4.96 0.00261272765305
4.962 0.00263117651489
4.964 0.00264946644041
4.966 0.00266758307958
4.968 0.00268551049638
4.97 0.00270323714684
4.972 0.00272075264303
4.974 0.00273804865506
4.976 0.00275511819086
4.978 0.00277195663241
4.98 0.00278855963385
4.982 0.00280492321509
4.984 0.00282104122814
4.986 0.00283690651896
4.988 0.0028525129877
4.99 0.00286785102027
4.992 0.00288291125478
4.994 0.00289768348907
4.996 0.00291215830927
4.998 0.00292632819908
5.0 0.00294018719855
5.002 0.00295373252169
5.004 0.00296696070226
5.006 0.00297987349027
5.008 0.00299247139565
5.01 0.00300475564041
5.012 0.00301672766861
5.014 0.00302838803211
5.016 0.00303973650493
5.018 0.00305077129104
5.02 0.00306149061238
5.022 0.00307189419294
5.024 0.00308198114858
5.026 0.00309175121723
5.028 0.00310120794482
5.03 0.00311035714336
5.032 0.00311920643095
5.034 0.00312776492966
5.036 0.00313604274339
5.038 0.00314405063435
5.04 0.00315179583236
5.042 0.00315928660565
5.044 0.00316652823215
5.046 0.00317352588595
5.048 0.00318028409691
5.05 0.00318680854726
5.052 0.00319310563879
5.054 0.00319918393374
5.056 0.00320505404606
5.058 0.00321072745592
5.06 0.00321621514918
5.062 0.00322152884003
5.064 0.0032266776764
5.066 0.00323166999639
5.068 0.00323651092394
5.07 0.00324120508119
5.072 0.00324575619815
5.074 0.00325016763498
5.076 0.00325444326375
5.078 0.00325858696247
5.08 0.00326260474716
5.082 0.00326650325782
5.084 0.00327029056248
5.086 0.00327397375715
5.088 0.0032775599859
5.09 0.00328105585877
5.092 0.00328446685797
5.094 0.00328779690736
5.096 0.00329104963325
5.098 0.00329422910364
5.1 0.00329733928076
5.102 0.00330038461267
5.104 0.00330337053741
5.106 0.00330630074696
5.108 0.00330918130728
5.11 0.0033120167963
5.112 0.00331481291403
5.114 0.00331757379241
5.116 0.00332030451553
5.118 0.00332301063338
5.12 0.00332569790413
5.122 0.00332836980764
5.124 0.00333103273006
5.126 0.00333369012734
5.128 0.00333634636755
5.13 0.00333900498069
5.132 0.00334166915486
5.134 0.00334434134998
5.136 0.00334702357198
5.138 0.00334971808286
5.14 0.00335242772078
5.142 0.00335515373746
5.144 0.00335789953489
5.146 0.00336066559108
5.148 0.00336345322389
5.15 0.00336626189532
5.152 0.00336909108529
5.154 0.00337193839787
5.156 0.00337480395099
5.158 0.0033776861648
5.16 0.00338058548921
5.162 0.00338350345438
5.164 0.00338644116823
5.166 0.00338939969877
5.168 0.003392379012
5.17 0.00339537827992
5.172 0.00339839415045
5.174 0.0034014221075
5.176 0.00340445697314
5.178 0.00340749497951
5.18 0.00341053271274
5.182 0.00341356966083
5.184 0.00341660772379
5.186 0.00341965134169
5.188 0.0034227068244
5.19 0.00342578123987
5.192 0.00342888078197
5.194 0.00343201000878
5.196 0.00343517009007
5.198 0.00343836060186
5.2 0.00344158123614
5.202 0.00344482981698
5.204 0.00344810851045
5.206 0.00345142041864
5.208 0.00345477241756
5.21 0.00345817549922
5.212 0.00346164051766
5.214 0.00346518198475
5.216 0.00346881081444
5.218 0.00347253615862
5.22 0.00347636376522
5.222 0.00348030086432
5.224 0.00348434873979
5.226 0.00348851055363
5.228 0.00349279073785
5.23 0.00349719384039
5.232 0.00350172862141
5.234 0.00350640547879
5.236 0.00351123543475
5.238 0.00351623097927
5.24 0.00352140248835
5.242 0.00352675886009
5.244 0.00353230811443
5.246 0.00353805548546
5.248 0.00354400486332
5.25 0.00355015874187
5.252 0.0035565186192
5.254 0.00356308656516
5.256 0.00356986564376
5.258 0.003576859393
5.26 0.0035840723869
5.262 0.00359150927139
5.264 0.00359917650855
5.266 0.00360708161441
5.268 0.00361523173304
5.27 0.00362363547861
5.272 0.003632300609
5.274 0.0036412337182
5.276 0.00365044007417
5.278 0.00365992414898
5.28 0.00366968845257
5.282 0.00367973119078
5.284 0.00369005116955
5.286 0.00370064639887
5.288 0.00371151915675
5.29 0.00372267116911
5.292 0.00373410888012
5.294 0.00374584261179
5.296 0.00375788194229
5.298 0.0037702379277
5.3 0.00378292085613
5.302 0.00379593610759
5.304 0.00380928818608
5.306 0.00382297405145
5.308 0.00383698960169
5.31 0.00385132960066
5.312 0.00386598771026
5.314 0.0038809622245
5.316 0.00389625182322
5.318 0.00391185950851
5.32 0.00392779043844
5.322 0.00394404963903
5.324 0.00396064263429
5.326 0.00397757206643
5.328 0.00399483785947
5.33 0.00401243729545
5.332 0.00403036351838
5.334 0.00404860875017
5.336 0.00406716473086
5.338 0.00408602405245
5.34 0.00410517739677
5.342 0.0041246182858
5.344 0.00414434056148
5.346 0.00416433897977
5.348 0.00418460737068
5.35 0.00420514087626
5.352 0.0042259323225
5.354 0.00424697560732
5.356 0.0042682624627
5.358 0.00428978416454
5.36 0.00431153135884
5.362 0.00433349515543
5.364 0.00435566452621
5.366 0.00437802837116
5.368 0.00440057369219
5.37 0.00442329025328
5.372 0.00444616423046
5.374 0.00446918422565
5.376 0.00449233870497
5.378 0.00451561645639
5.38 0.00453900613181
5.382 0.00456249754544
5.384 0.00458607905718
5.386 0.00460973683907
5.388 0.00463345527301
5.39 0.00465721465488
5.392 0.00468099340066
5.394 0.0047047672862
5.396 0.00472851314148
5.398 0.00475220805444
5.4 0.00477582792096
5.402 0.004799352503
5.404 0.00482276448674
5.406 0.00484604536415
5.408 0.00486917886727
5.41 0.0048921475462
5.412 0.00491493293498
5.414 0.00493751470964
5.416 0.00495987184214
5.418 0.00498198118428
5.42 0.00500382023403
5.422 0.00502536661313
5.424 0.00504659889952
5.426 0.0050674972831
5.428 0.00508804256976
5.43 0.00510821758753
5.432 0.00512800386438
5.434 0.00514738499628
5.436 0.00516634439119
5.438 0.00518486440308
5.44 0.00520292918199
5.442 0.00522052335188
5.444 0.00523763219873
5.446 0.00525424113637
5.448 0.00527033605076
5.45 0.00528590402189
5.452 0.00530093080571
5.454 0.00531540287814
5.456 0.00532930632307
5.458 0.00534262720455
5.46 0.00535535314662
5.462 0.00536747231726
5.464 0.00537897504439
5.466 0.00538985512998
5.468 0.00540010822203
5.47 0.00540973013845
5.472 0.00541871933533
5.474 0.00542706953456
5.476 0.00543477661615
5.478 0.00544183296408
5.48 0.00544822941834
5.482 0.00545395720696
5.484 0.0054590058538
5.486 0.00546336883483
5.488 0.0054670420802
5.49 0.00547002259582
5.492 0.00547231104177
5.494 0.00547391156613
5.496 0.0054748259669
5.498 0.00547505942817
5.5 0.00547461506401
5.502 0.00547349525442
5.504 0.00547170085942
5.506 0.00546923305492
5.508 0.00546609270486
5.51 0.00546228245325
5.512 0.00545780620209
5.514 0.00545267213933
5.516 0.00544688971712
5.518 0.00544047226165
5.52 0.00543343451893
5.522 0.00542579191923
5.524 0.00541755982841
5.526 0.00540875483652
5.528 0.00539939285773
5.53 0.005389488572
5.532 0.00537905710929
5.534 0.00536811133962
5.536 0.0053566659371
5.538 0.00534473391982
5.54 0.00533232963767
5.542 0.00531946471073
5.544 0.00530615344113
5.546 0.0052924098148
5.548 0.005278250422
5.55 0.00526369101054
5.552 0.0052487481666
5.554 0.00523343703821
5.556 0.00521777246348
5.558 0.00520176534442
5.56 0.00518542569106
5.562 0.00516875825554
5.564 0.00515176680766
5.566 0.00513445166942
5.568 0.00511681406083
5.57 0.00509885440388
5.572 0.00508057483643
5.574 0.00506197942064
5.576 0.00504307370258
5.578 0.00502386524836
5.58 0.00500436107204
5.582 0.00498456735965
5.584 0.00496448871919
5.586 0.00494412758074
5.588 0.00492348298802
5.59 0.004902552307
5.592 0.00488133189763
5.594 0.00485981702166
5.596 0.00483800559503
5.598 0.00481589761574
5.6 0.00479349555771
5.602 0.00477080467496
5.604 0.00474783238365
5.606 0.0047245871278
5.608 0.00470107719534
5.61 0.00467730898636
5.612 0.00465328767481
5.614 0.00462901562461
5.616 0.00460449420777
5.618 0.00457972442822
5.62 0.00455470614181
5.622 0.00452944126055
5.624 0.00450393219236
5.626 0.00447818284713
5.628 0.00445219905477
5.63 0.00442598571746
5.632 0.00439954957527
5.634 0.00437289463021
5.636 0.00434602297642
5.638 0.004318936126
5.64 0.00429163231685
5.642 0.00426411133305
5.644 0.00423636969852
5.646 0.00420840520719
5.648 0.00418021537897
5.65 0.00415180129395
5.652 0.00412316419197
5.654 0.00409430695513
5.656 0.00406523429342
5.658 0.00403595117879
5.66 0.00400646240346
5.662 0.00397677210745
5.664 0.00394688245481
5.666 0.0039167961575
5.668 0.00388651510958
5.67 0.00385604162306
5.672 0.00382537846187
5.674 0.00379452864595
5.676 0.00376349719531
5.678 0.00373229196581
5.68 0.00370092170356
5.682 0.00366939703664
5.684 0.003637729897
5.686 0.00360593234267
5.688 0.00357401784974
5.69 0.00354199808225
5.692 0.00350988531621
5.694 0.00347769058357
5.696 0.00344542364636
5.698 0.00341309571652
5.7 0.00338071694808
5.702 0.00334829814492
5.704 0.00331585222512
5.706 0.00328339215465
5.708 0.00325093228153
5.71 0.00321848841572
5.712 0.00318607514319
5.714 0.00315370661595
5.716 0.00312139865212
5.718 0.00308916309571
5.72 0.00305701301275
5.722 0.00302495810927
5.724 0.00299301028728
5.726 0.00296118059288
5.728 0.00292948289617
5.73 0.00289793247718
5.732 0.00286654742802
5.734 0.00283534730658
5.736 0.0028043526069
5.738 0.00277358442703
5.74 0.00274306246315
5.742 0.00271280209721
5.744 0.00268281838733
5.746 0.00265312243752
5.748 0.00262372396173
5.75 0.00259463310212
5.752 0.00256585929658
5.754 0.00253741474911
5.756 0.00250931356776
5.758 0.00248157308255
5.76 0.0024542116436
5.762 0.00242724779901
5.764 0.0024007000669
5.766 0.00237458347336
5.768 0.0023489119545
5.77 0.00232369407632
5.772 0.002298937249
5.774 0.00227464551632
5.776 0.00225082449629
5.778 0.00222747855693
5.78 0.00220461570617
5.782 0.00218224389211
5.784 0.00216037371469
5.786 0.00213901673608
5.788 0.0021181813423
5.79 0.00209787658551
5.792 0.00207810813965
5.794 0.00205887973272
5.796 0.00204019114866
5.798 0.00202204191339
5.8 0.00200443006683
5.802 0.00198735262884
5.804 0.00197080750741
5.806 0.00195479104447
5.808 0.00193930116607
5.81 0.00192433528629
5.812 0.00190988886505
5.814 0.00189595872848
5.816 0.0018825390385
5.818 0.00186962391902
5.82 0.00185720552804
5.822 0.00184527517553
5.824 0.00183382250939
5.826 0.00182283503369
5.828 0.00181229850246
5.83 0.00180219600552
5.832 0.00179251202298
5.834 0.00178322750682
5.836 0.00177432609106
5.838 0.00176579050752
5.84 0.00175760618441
5.842 0.00174975943382
5.844 0.00174223558367
5.846 0.00173501916598
5.848 0.00172809290088
5.85 0.00172143688646
5.852 0.00171502839061
5.854 0.00170884202327
5.856 0.00170285200847
5.858 0.00169703143022
5.86 0.00169135534048
5.862 0.00168580206328
5.864 0.00168035363057
5.866 0.00167499515239
5.868 0.00166971308681
5.87 0.00166449665586
5.872 0.00165933262958
5.874 0.00165420706996
5.876 0.00164910340489
5.878 0.00164400219039
5.88 0.0016388839083
5.882 0.00163372880849
5.884 0.00162852045093
5.886 0.00162324580345
5.888 0.00161789544411
5.89 0.0016124629809
5.892 0.00160694527594
5.894 0.00160133942732
5.896 0.00159564234108
5.898 0.00158984924323
5.9 0.00158395492589
5.902 0.00157795184291
5.904 0.00157183185442
5.906 0.00156558883633
5.908 0.00155921824863
5.91 0.00155271677517
5.912 0.00154608502002
5.914 0.00153932348498
5.916 0.00153243712426
5.918 0.00152542810179
5.92 0.0015183001676
5.922 0.00151105542374
5.924 0.00150369626831
5.926 0.00149622336522
5.928 0.00148863882455
5.93 0.00148094580817
5.932 0.00147314918994
5.934 0.00146525488188
5.936 0.00145727003785
5.938 0.00144920387995
5.94 0.00144106546211
5.942 0.0014328648583
5.944 0.00142461281467
5.946 0.00141631973732
5.948 0.00140799437626
5.95 0.00139964854567
5.952 0.00139129016948
5.954 0.00138293047979
5.956 0.00137458054663
5.958 0.00136625128001
5.96 0.00135795213981
5.962 0.00134969462805
5.964 0.00134149025668
5.966 0.00133335161381
5.968 0.00132529028545
5.97 0.00131732055156
5.972 0.00130945591831
5.974 0.00130171056566
5.976 0.00129409850978
5.978 0.00128663089062
5.98 0.00127931930628
5.982 0.00127217282284
5.984 0.0012652003144
5.986 0.00125840815682
5.988 0.00125180261411
5.99 0.0012453904143
5.992 0.00123918154539
5.994 0.00123318410142
5.996 0.00122740941031
5.998 0.00122186854011
6.0 0.00121657172283
6.002 0.00121152831463
6.004 0.00120674450359
6.006 0.00120222354966
6.008 0.00119796645283
6.01 0.00119397155109
6.012 0.00119023746224
6.014 0.00118676331627
6.016 0.00118354916896
6.018 0.0011805999604
6.02 0.00117792132667
6.022 0.0011755197797
6.024 0.00117340228145
6.026 0.00117157423606
6.028 0.00117003781733
6.03 0.0011687934334
6.032 0.00116783787805
6.034 0.00116716819127
6.036 0.0011667785689
6.038 0.0011666653748
6.04 0.00116682697496
6.042 0.00116726339717
6.044 0.00116797873943
6.046 0.00116897767369
6.048 0.00117026657188
6.05 0.00117185017794
6.052 0.00117373283402
6.054 0.00117591713227
6.056 0.00117840197677
6.058 0.00118118463364
6.06 0.00118426103682
6.062 0.00118762598036
6.064 0.0011912754221
6.066 0.00119520633005
6.068 0.00119941751813
6.07 0.00120390917227
6.072 0.00120868440854
6.074 0.00121374628918
6.076 0.00121909903217
6.078 0.00122474510961
6.08 0.0012306872075
6.082 0.00123692453598
6.084 0.0012434545289
6.086 0.00125027194039
6.088 0.00125736761037
6.09 0.00126473217068
6.092 0.00127235427942
6.094 0.00128022285452
6.096 0.00128832751001
6.098 0.00129665974803
6.1 0.00130521169249
6.102 0.00131397833938
6.104 0.00132295556869
6.106 0.00133213803042
6.108 0.00134152250647
6.11 0.00135110088484
6.112 0.00136086461344
6.114 0.00137080225631
6.116 0.00138089915336
6.118 0.00139114002648
6.12 0.00140150803764
6.122 0.0014119879588
6.124 0.00142256512795
6.126 0.00143322696112
6.128 0.0014439627063
6.13 0.00145476393139
6.132 0.0014656221383
6.134 0.0014765297091
6.136 0.00148747663777
6.138 0.0014984514882
6.14 0.00150944171237
6.142 0.00152042976026
6.144 0.00153139825581
6.146 0.00154232793493
6.148 0.00155320162158
6.15 0.00156400232172
6.152 0.0015747168794
6.154 0.0015853321766
6.156 0.00159583811929
6.158 0.0016062256836
6.16 0.00161648557737
6.162 0.00162660770264
6.164 0.00163658019733
6.166 0.00164639003548
6.168 0.00165602139691
6.17 0.0016654580596
6.172 0.0016746834255
6.174 0.00168368250851
6.176 0.00169243968669
6.178 0.00170094275407
6.18 0.00170918123063
6.182 0.00171714701228
6.184 0.00172483355309
6.186 0.00173223540298
6.188 0.00173934774985
6.19 0.0017461644137
6.192 0.00175267869651
6.194 0.00175888310427
6.196 0.00176476776096
6.198 0.00177032207656
6.2 0.00177553579112
6.202 0.00178039719054
6.204 0.00178489553695
6.206 0.00178902034418
6.208 0.00179276366415
6.21 0.00179611783497
6.212 0.00179907723051
6.214 0.00180163797674
6.216 0.00180379749367
6.218 0.00180555397529
6.22 0.00180690588367
6.222 0.00180785292488
6.224 0.00180839435699
6.226 0.00180852706999
6.228 0.00180824760789
6.23 0.00180755294073
6.232 0.00180643831031
6.234 0.00180490154261
6.236 0.00180294008378
6.238 0.00180055213566
6.24 0.00179774089433
6.242 0.0017945088018
6.244 0.00179086330809
6.246 0.00178681196735
6.248 0.00178236269552
6.25 0.00177752303663
6.252 0.00177229862068
6.254 0.00176669523761
6.256 0.00176071659951
6.258 0.00175436655837
6.26 0.00174764719814
6.262 0.00174056570304
6.264 0.00173312808322
6.266 0.00172534336872
6.268 0.00171722183168
6.27 0.00170877626014
6.272 0.00170001795819
6.274 0.00169095858185
6.276 0.00168160912922
6.278 0.00167197845217
6.28 0.00166207529872
6.282 0.00165190800481
6.284 0.00164148602846
6.286 0.00163081828377
6.288 0.00161991691275
6.29 0.00160879221144
6.292 0.00159745812799
6.294 0.00158592632836
6.296 0.00157421042279
6.298 0.00156232195716
6.3 0.00155027311158
6.302 0.00153807461198
6.304 0.00152573728046
6.306 0.00151327225284
6.308 0.00150069063912
6.31 0.00148800458741
6.312 0.00147522448766
6.314 0.00146236262803
6.316 0.00144942778839
6.318 0.00143642896485
6.32 0.00142337386341
6.322 0.00141027227201
6.324 0.00139713384869
6.326 0.00138396913132
6.328 0.00137079228007
6.33 0.00135761820089
6.332 0.00134446173575
6.334 0.0013313378186
6.336 0.00131825921147
6.338 0.0013052349663
6.34 0.00129227197312
6.342 0.00127937369399
6.344 0.001266542085
6.346 0.00125377705213
6.348 0.00124107972355
6.35 0.00122845259325
6.352 0.00121590019732
6.354 0.00120343007784
6.356 0.00119105055675
6.358 0.00117876986423
6.36 0.00116659464412
6.362 0.00115453051461
6.364 0.00114257913353
6.366 0.00113074023289
6.368 0.00111901242262
6.37 0.00110739192471
6.372 0.00109587770929
6.374 0.0010844675963
6.376 0.00107316193388
6.378 0.00106196373204
6.38 0.00105087441477
6.382 0.00103989805408
6.384 0.00102903715813
6.386 0.00101829253277
6.388 0.00100766510408
6.39 0.00099715346598
6.392 0.000986757072396
6.394 0.000976476051331
6.396 0.000966312950933
6.398 0.000956270593136
6.4 0.000946353986021
6.402 0.000936567819815
6.404 0.000926916256452
6.406 0.000917401577939
6.408 0.000908025554349
6.41 0.000898788667685
6.412 0.000889690537945
6.414 0.000880728871126
6.416 0.000871902323079
6.418 0.000863210587662
6.42 0.00085465201487
6.422 0.000846225912559
6.424 0.000837929540795
6.426 0.000829758891426
6.428 0.000821708180441
6.43 0.000813770769826
6.432 0.000805939735783
6.434 0.000798206950296
6.436 0.000790564405349
6.438 0.000783006283002
6.44 0.0007755266791
6.442 0.000768121443562
6.444 0.000760785042305
6.446 0.000753512193032
6.448 0.000746295165799
6.45 0.000739124140442
6.452 0.000731987766866
6.454 0.000724874414978
6.456 0.000717772132896
6.458 0.000710669882598
6.46 0.000703558842067
6.462 0.000696432715362
6.464 0.000689284456469
6.466 0.000682110325381
6.468 0.000674904902014
6.47 0.000667663060287
6.472 0.000660377639898
6.474 0.000653041506832
6.476 0.000645647736933
6.478 0.000638188320183
6.48 0.000630658064573
6.482 0.000623054160168
6.484 0.000615375496967
6.486 0.00060762313526
6.488 0.000599796598972
6.49 0.000591896524178
6.492 0.000583921188947
6.494 0.00057586724527
6.496 0.00056773019914
6.498 0.000559504744617
6.5 0.000551185505547
6.502 0.000542767749921
6.504 0.000534249979951
6.506 0.000525633391496
6.508 0.000516921168706
6.51 0.000508118835735
6.512 0.000499230602593
6.514 0.000490260657215
6.516 0.000481210793678
6.518 0.000472082469912
6.52 0.000462873971914
6.522 0.000453584555538
6.524 0.000444214960786
6.526 0.000434766363589
6.528 0.000425243931884
6.53 0.000415654217686
6.532 0.000406005315082
6.534 0.000396306114089
6.536 0.000386565948727
6.538 0.000376792081082
6.54 0.00036699211517
6.542 0.000357170638998
6.544 0.000347334192653
6.546 0.000337487230071
6.548 0.000327635905193
6.55 0.000317786905889
6.552 0.000307948682174
6.554 0.000298130467997
6.556 0.000288341575375
6.558 0.000278591580256
6.56 0.000268887796582
6.562 0.000259237198439
6.564 0.000249645773768
6.566 0.000240117780505
6.568 0.000230659422807
6.57 0.000221275968611
6.572 0.000211973350074
6.574 0.000202756507133
6.576 0.000193631517729
6.578 0.000184604697946
6.58 0.000175679873792
6.582 0.000166862739207
6.584 0.000158158980345
6.586 0.000149573335073
6.588 0.000141110217399
6.59 0.000132775789407
6.592 0.000124576137109
6.594 0.000116517788591
6.596 0.000108606301936
6.598 0.000100848445228
6.6 9.32480965478e-05
6.602 8.58076338999e-05
6.604 7.85291953604e-05
6.606 7.14147070769e-05
6.608 6.44636549046e-05
6.61 5.76780289194e-05
6.612 5.1060159126e-05
6.614 4.46135496033e-05
6.616 3.83437263622e-05
6.618 3.22565496301e-05
6.62 2.63574572743e-05
6.622 2.06514535202e-05
6.624 1.51402262277e-05
6.626 9.8247915422e-06
6.628 4.70255531507e-06
6.63 -2.27206311396e-07
